Techniques=AmbientLight@AmbientLight.fx,DPX@DPX.fx,PPFXBloom@PPFX_Bloom.fx

[AmbientLight.fx]
alAdapt=0.700000
alAdaptBaseBlackLvL=2
alAdaptBaseMult=0.346000
alDebug=0
alDirtInt=1.000000
alDirtOVInt=1.000000
alInt=5.857000
alLensInt=1.333000
alLensThresh=0.500000
alThreshold=33.194000
AL_Adaptation=1
AL_Adaptive=0
AL_Dirt=1
AL_DirtTex=1
AL_Dither=1
AL_Lens=1
AL_Vibrance=1

[DPX.fx]
Colorfulness=2.500000
Contrast=0.100000
RGB_C=0.360000,0.360000,0.340000
RGB_Curve=8.000000,8.000000,8.000000
Saturation=3.000000
Strength=0.200000

[PPFX_Bloom.fx]
pBloomBlendMode=0
pBloomCurve=1.500000
pBloomIntensity=0.200000
pBloomRadius=60.000000
pBloomSaturation=2.000000
pBloomThreshold=0.400000
pEnableHDR=0
pEnableLensdirt=0
pLensdirtCurve=1.200000
pLensdirtIntensity=1.000000
pTonemapContrast=1.020000
pTonemapCurve=3.000000
pTonemapExposure=1.200000
pTonemapMode=0
pTonemapSaturateBlacks=0.000000

