Techniques=prod80_02_Cinetools_LUT@PD80_02_Cinetools_LUT.fx,AmbientLight@AmbientLight.fx,DPX@DPX.fx,LensDistort@LensDistort.fx,AdaptiveSharpen@AdaptiveSharpen.fx

[AdaptiveSharpen.fx]
curveslope=0.500000
curve_height=1.000000
D_compr_high=0.500000
D_compr_low=0.250000
D_overshoot=0.009000
L_compr_high=0.334000
L_compr_low=0.167000
L_overshoot=0.003000
pm_p=0.700000
scale_cs=0.056000
scale_lim=0.100000

[AmbientLight.fx]
alAdapt=0.700000
alAdaptBaseBlackLvL=2
alAdaptBaseMult=1.000000
alDebug=0
alDirtInt=1.000000
alDirtOVInt=1.000000
alInt=2.951000
alLensInt=0.155000
alLensThresh=0.500000
alThreshold=15.000000
AL_Adaptation=1
AL_Adaptive=0
AL_Dirt=1
AL_DirtTex=1
AL_Dither=1
AL_Lens=1
AL_Vibrance=1

[DPX.fx]
Colorfulness=2.500000
Contrast=0.100000
RGB_C=0.360000,0.360000,0.340000
RGB_Curve=8.000000,8.000000,8.000000
Saturation=3.000000
Strength=0.200000

[LensDistort.fx]
BorderColor=0.027000,0.027000,0.027000,0.960000
BorderCorner=0.062000
BorderGContinuity=3
BorderVignette=1
C=0.000000,0.000000
ChromaticSamplesLimit=32
DimGridBackground=1.000000
GridLook=0
GridSize=16
GridTilt=0.000000
GridWidth=2
K=0.000000,0.000000,0.000000,0.000000
Kp=0.000000,0.000000,0.000000,-0.044000
MirrorBorder=1
P=0.000000,0.000000
ParallaxSamples=32
Q=0.000000,0.000000
S=1.000000
ShowGrid=0
T=-0.200000
UseVignette=1

[PD80_02_Cinetools_LUT.fx]
dither_strength=1.000000
enable_dither=1
ib=0.000000,0.000000,0.000000
ig=1.000000
iw=1.000000,1.000000,1.000000
ob=0.000000,0.000000,0.000000
ow=1.000000,1.000000,1.000000
PD80_Intensity=1.000000
PD80_LutSelector=7
PD80_MixChroma=1.000000
PD80_MixLuma=1.000000

